{"transl": [[-0.006280886474996805, -0.6152127981185913, -0.05198206752538681], [-0.005685259588062763, -0.6189010143280029, -0.05351022258400917], [-0.006238107569515705, -0.6152743101119995, -0.051594529300928116], [-0.00611641351133585, -0.6162834167480469, -0.05271199345588684], [-0.005274947267025709, -0.6189519166946411, -0.0531076081097126], [-0.005329847801476717, -0.6176203489303589, -0.052021726965904236], [-0.00527357030659914, -0.6180256605148315, -0.052887286990880966], [-0.005212286952883005, -0.6204738616943359, -0.05319712683558464], [-0.00534213799983263, -0.6182019710540771, -0.053352657705545425], [-0.004976129159331322, -0.6184619069099426, -0.05289008468389511], [-0.005014663562178612, -0.6181476712226868, -0.053530436009168625], [-0.005629958584904671, -0.6200600862503052, -0.053683340549468994], [-0.0055071450769901276, -0.6183511018753052, -0.05269915610551834], [-0.0052430941723287106, -0.616819441318512, -0.05285093933343887], [-0.005091752856969833, -0.6168031692504883, -0.05250833183526993], [-0.005054986570030451, -0.6202412247657776, -0.05331738665699959], [-0.005121277179569006, -0.6178315281867981, -0.053255122154951096], [-0.00594971003010869, -0.6158973574638367, -0.051211342215538025], [-0.006207410246133804, -0.6165810227394104, -0.05110965296626091], [-0.006032118573784828, -0.6152451038360596, -0.05128664895892143], [-0.006231705658137798, -0.61517333984375, -0.05215428024530411], [-0.005452829413115978, -0.618878960609436, -0.05329139158129692], [-0.0060536498203873634, -0.6163683533668518, -0.05178952217102051], [-0.005575730465352535, -0.617432177066803, -0.053105540573596954], [-0.005662631709128618, -0.6167428493499756, -0.05277850478887558], [-0.005968286190181971, -0.6159374117851257, -0.05202733352780342], [-0.005757338833063841, -0.6157020330429077, -0.05244181677699089], [-0.005213500931859016, -0.6186624765396118, -0.05319515988230705], [-0.005715260747820139, -0.6161191463470459, -0.05154137685894966], [-0.006146415136754513, -0.6171321868896484, -0.05246521905064583], [-0.005495005287230015, -0.6166076064109802, -0.052894655615091324], [-0.005328888539224863, -0.6185880303382874, -0.05328529328107834], [-0.00528784841299057, -0.620553731918335, -0.05414709076285362], [-0.004746043588966131, -0.618221640586853, -0.05387892574071884], [-0.005124949384480715, -0.615947961807251, -0.053828198462724686], [-0.0054542445577681065, -0.616600513458252, -0.05373551696538925], [-0.005889686290174723, -0.6159240007400513, -0.05227800831198692], [-0.005101296119391918, -0.6144230365753174, -0.05288531258702278], [-0.005192332901060581, -0.6159438490867615, -0.05343988165259361], [-0.005019434727728367, -0.6121847033500671, -0.05266321823000908], [-0.00452452152967453, -0.6137562394142151, -0.05175630375742912], [-0.005008107051253319, -0.6099163293838501, -0.05200502276420593], [-0.0043900348246097565, -0.6085859537124634, -0.05208919569849968], [-0.0035370513796806335, -0.6088851690292358, -0.05530732497572899], [-0.0036141257733106613, -0.6019163727760315, -0.05511137470602989], [-0.004059134051203728, -0.6028786897659302, -0.05449727550148964], [-0.0023043386172503233, -0.6018401384353638, -0.05872717499732971], [-0.002367655746638775, -0.6016483902931213, -0.05916599929332733], [-0.0035302508622407913, -0.6039187908172607, -0.0595635250210762], [-0.003383414354175329, -0.602642297744751, -0.058274343609809875], [-0.004386345390230417, -0.5991262793540955, -0.0568644218146801], [-0.004634963348507881, -0.597062349319458, -0.055811114609241486], [-0.005131827667355537, -0.5990906953811646, -0.0555172935128212], [-0.00616762088611722, -0.6026873588562012, -0.05547286197543144], [-0.0062078917399048805, -0.6011902093887329, -0.05511082708835602], [-0.006583456881344318, -0.6080322265625, -0.055740050971508026], [-0.005848492030054331, -0.6103376150131226, -0.05478014051914215], [-0.006515015847980976, -0.6113646030426025, -0.05584627762436867], [-0.006187943741679192, -0.6089539527893066, -0.056351691484451294], [-0.006027980707585812, -0.6074802279472351, -0.0556756891310215], [-0.00599695835262537, -0.6032968759536743, -0.055780112743377686], [-0.004380665719509125, -0.6052367687225342, -0.05566168203949928], [-0.004448342602699995, -0.6053372621536255, -0.0562603659927845], [-0.0038156677037477493, -0.5987865328788757, -0.056963156908750534], [-0.0038126520812511444, -0.5956451892852783, -0.05671903118491173], [-0.004721835255622864, -0.5970134735107422, -0.057198964059352875], [-0.0037518907338380814, -0.6004127264022827, -0.058572836220264435], [-0.004293572157621384, -0.6012945175170898, -0.059484533965587616], [-0.005032846704125404, -0.600832462310791, -0.058420516550540924], [-0.0050307512283325195, -0.6017090678215027, -0.05732065439224243], [-0.004279637709259987, -0.6023151278495789, -0.05643144249916077], [-0.004707517102360725, -0.6000249981880188, -0.056677550077438354], [-0.005087064579129219, -0.610565185546875, -0.05509814992547035], [-0.005095005035400391, -0.6071038842201233, -0.05226927250623703], [-0.0056058429181575775, -0.6124669313430786, -0.050964273512363434], [-0.005943242460489273, -0.6141456961631775, -0.05201487988233566], [-0.005837448872625828, -0.6135245561599731, -0.05196526274085045], [-0.005484982393682003, -0.6186933517456055, -0.05233926326036453], [-0.005576828494668007, -0.6168525815010071, -0.052570123225450516], [-0.0056157186627388, -0.6127911806106567, -0.05148183926939964], [-0.00523508433252573, -0.6141998767852783, -0.05219948664307594], [-0.005232200026512146, -0.6108523011207581, -0.05329212173819542], [-0.005411936901509762, -0.6126084327697754, -0.05341042950749397], [-0.005444801412522793, -0.6152732968330383, -0.052989132702350616], [-0.005649778060615063, -0.6136940717697144, -0.05327809974551201], [-0.005794237833470106, -0.6149666905403137, -0.05344993621110916], [-0.0060574053786695, -0.6149583458900452, -0.05263885483145714], [-0.00581416767090559, -0.6140692234039307, -0.05166001617908478], [-0.005124058574438095, -0.6176697015762329, -0.05267394334077835], [-0.006444836035370827, -0.6152190566062927, -0.05188322439789772], [-0.00626729940995574, -0.6130918264389038, -0.052189137786626816], [-0.006557464599609375, -0.6143676042556763, -0.05211060866713524], [-0.006177570670843124, -0.6143592000007629, -0.05196039006114006], [-0.006293299607932568, -0.6149638295173645, -0.052798084914684296], [-0.00656391866505146, -0.6136876940727234, -0.05185258388519287], [-0.00544724939391017, -0.6165153980255127, -0.053473100066185], [-0.005840854719281197, -0.6167935729026794, -0.05396781116724014], [-0.005476310849189758, -0.6156748533248901, -0.05401705577969551], [-0.0065637920051813126, -0.6154419779777527, -0.05254608392715454], [-0.006158825941383839, -0.6139405965805054, -0.05184653773903847], [-0.006355844438076019, -0.6159698963165283, -0.05262719839811325], [-0.005644918419420719, -0.617794394493103, -0.05243302136659622], [-0.005814440548419952, -0.6179895401000977, -0.052951715886592865], [-0.005705364979803562, -0.6166596412658691, -0.052305251359939575], [-0.005377834662795067, -0.617875337600708, -0.05261717364192009], [-0.005540108308196068, -0.6154523491859436, -0.05254019796848297], [-0.005632617510855198, -0.6182113885879517, -0.05308599770069122], [-0.00564652681350708, -0.6148464679718018, -0.05315669998526573], [-0.005500876344740391, -0.6140117645263672, -0.05287740379571915], [-0.005796203389763832, -0.6154370903968811, -0.052935704588890076], [-0.005436519626528025, -0.6149681806564331, -0.052723851054906845], [-0.0050971610471606255, -0.6139535903930664, -0.05240888148546219], [-0.005420198664069176, -0.6178582906723022, -0.05334845930337906], [-0.006028195843100548, -0.612971842288971, -0.05144397169351578], [-0.006111874710768461, -0.610948383808136, -0.05050450190901756], [-0.005388678517192602, -0.6162769198417664, -0.05310953035950661], [-0.005220005754381418, -0.613884687423706, -0.0527135506272316], [-0.005354368127882481, -0.6155394315719604, -0.052602484822273254], [-0.0053931246511638165, -0.6167816519737244, -0.05332145467400551], [-0.005116601474583149, -0.6164141893386841, -0.05287335440516472], [-0.005675439722836018, -0.6165995597839355, -0.052693068981170654], [-0.005319037940353155, -0.6154850721359253, -0.05281674116849899], [-0.005538248457014561, -0.6165736317634583, -0.05266237258911133], [-0.005345027893781662, -0.6183898448944092, -0.05313126742839813], [-0.0051033105701208115, -0.6155271530151367, -0.05369710922241211], [-0.005319404415786266, -0.6160473227500916, -0.053303640335798264], [-0.00503673916682601, -0.6154961585998535, -0.053346987813711166], [-0.00596634391695261, -0.6133739352226257, -0.052169278264045715], [-0.005364776588976383, -0.6173641681671143, -0.05329284816980362], [-0.00589749077335, -0.6116151809692383, -0.051450036466121674]], "global_orient": [[[[0.9698477983474731, 0.011692911386489868, -0.24343079328536987], [0.0766916275024414, -0.9627468585968018, 0.25930124521255493], [-0.23133021593093872, -0.27015185356140137, -0.9346147775650024]]], [[[0.9697188138961792, 0.015518434345722198, -0.24373067915439606], [0.08103546500205994, -0.9618860483169556, 0.261167973279953], [-0.23038817942142487, -0.27301034331321716, -0.9340167045593262]]], [[[0.9709985852241516, 0.011355221271514893, -0.23881538212299347], [0.07569321990013123, -0.9620907306671143, 0.2620151937007904], [-0.22678683698177338, -0.2724930942058563, -0.9350482225418091]]], [[[0.9725255966186523, 0.010171506553888321, -0.2325737178325653], [0.07227744162082672, -0.9628665447235107, 0.2601233720779419], [-0.22129157185554504, -0.2697864770889282, -0.9371474981307983]]], [[[0.9703158736228943, 0.017654448747634888, -0.241195946931839], [0.0820019543170929, -0.9622676372528076, 0.25945502519607544], [-0.22751447558403015, -0.271531879901886, -0.935151219367981]]], [[[0.9713751673698425, 0.01602707803249359, -0.23700937628746033], [0.07967240363359451, -0.9619128704071045, 0.2614881992340088], [-0.2237914502620697, -0.2728862166404724, -0.9356551170349121]]], [[[0.9700189828872681, 0.01820613071322441, -0.24234624207019806], [0.08335709571838379, -0.9616231918334961, 0.2614050805568695], [-0.22828657925128937, -0.27376917004585266, -0.9343103170394897]]], [[[0.9713698029518127, 0.01504405215382576, -0.23709581792354584], [0.08071474730968475, -0.9595270156860352, 0.26980099081993103], [-0.2234409898519516, -0.2812136709690094, -0.9332699775695801]]], [[[0.9695762991905212, 0.018678244203329086, -0.24407552182674408], [0.08456151187419891, -0.9612592458724976, 0.2623540163040161], [-0.2297195941209793, -0.27501165866851807, -0.9335936307907104]]], [[[0.9702163934707642, 0.021671563386917114, -0.24126847088336945], [0.08689660578966141, -0.9608383178710938, 0.26313281059265137], [-0.22611747682094574, -0.2762611508369446, -0.934104323387146]]], [[[0.9721503853797913, 0.01760174334049225, -0.23369602859020233], [0.08058834820985794, -0.9614729881286621, 0.2628217041492462], [-0.22006629407405853, -0.27433541417121887, -0.9361147880554199]]], [[[0.9679876565933228, 0.017802085727453232, -0.2503657341003418], [0.08625420928001404, -0.9603275060653687, 0.26520079374313354], [-0.2357119470834732, -0.27830618619918823, -0.9311206340789795]]], [[[0.9674164652824402, 0.019032392650842667, -0.25247398018836975], [0.08607038855552673, -0.9625060558319092, 0.2572428286075592], [-0.23811180889606476, -0.27059146761894226, -0.9327824115753174]]], [[[0.9695727825164795, 0.018885497003793716, -0.24407373368740082], [0.0837908536195755, -0.9624000787734985, 0.2583887577056885], [-0.23001684248447418, -0.27097785472869873, -0.9346994161605835]]], [[[0.9709365963935852, 0.01921369880437851, -0.23856434226036072], [0.08298777043819427, -0.9619606733322144, 0.26027795672416687], [-0.22448861598968506, -0.2725113332271576, -0.9355971813201904]]], [[[0.9721354842185974, 0.017688482999801636, -0.23375138640403748], [0.07956568896770477, -0.9628521203994751, 0.25804007053375244], [-0.22050371766090393, -0.26944851875305176, -0.9374301433563232]]], [[[0.9709815382957458, 0.018456406891345978, -0.23844115436077118], [0.08275173604488373, -0.9613583087921143, 0.26256874203681946], [-0.22438131272792816, -0.27468082308769226, -0.9349884986877441]]], [[[0.9714270830154419, 0.011829383671283722, -0.23704330623149872], [0.07464028149843216, -0.9633082151412964, 0.2578105032444], [-0.2252960056066513, -0.2681370675563812, -0.9366666078567505]]], [[[0.9710221886634827, 0.009548518806695938, -0.23879848420619965], [0.07245707511901855, -0.9639341831207275, 0.25608736276626587], [-0.22774077951908112, -0.2659691572189331, -0.9366933107376099]]], [[[0.972629725933075, 0.009929776191711426, -0.23214828968048096], [0.07147175818681717, -0.9634346961975098, 0.25823524594306946], [-0.2210955023765564, -0.2677592933177948, -0.9377750158309937]]], [[[0.9706214070320129, 0.009523078799247742, -0.2404232770204544], [0.07313518971204758, -0.9636168479919434, 0.25708821415901184], [-0.22922758758068085, -0.2671187222003937, -0.936003565788269]]], [[[0.9689704179763794, 0.01869584619998932, -0.24646855890750885], [0.08330569416284561, -0.9634979963302612, 0.25442323088645935], [-0.23271538317203522, -0.2670608460903168, -0.9351586103439331]]], [[[0.9726827144622803, 0.010309776291251183, -0.23190945386886597], [0.07219099253416061, -0.9629122018814087, 0.2599787712097168], [-0.22062808275222778, -0.2696186304092407, -0.9373522996902466]]], [[[0.9687703847885132, 0.016892902553081512, -0.2473834604024887], [0.0823795273900032, -0.9629344940185547, 0.25684860348701477], [-0.2338750809431076, -0.2692066729068756, -0.9342540502548218]]], [[[0.9748044013977051, 0.009588055312633514, -0.22285528481006622], [0.07085799425840378, -0.9606380462646484, 0.26861390471458435], [-0.21150781214237213, -0.2776370942592621, -0.9371135234832764]]], [[[0.9738624095916748, 0.0070105139166116714, -0.22703061997890472], [0.06845532357692719, -0.9621086120605469, 0.2639344036579132], [-0.21657775342464447, -0.2725772559642792, -0.937441349029541]]], [[[0.9731494188308716, 0.013190440833568573, -0.2297961562871933], [0.07562142610549927, -0.9612598419189453, 0.26506754755973816], [-0.21739746630191803, -0.2753278315067291, -0.936447024345398]]], [[[0.9711344242095947, 0.01839670166373253, -0.23782238364219666], [0.08168162405490875, -0.9623911380767822, 0.25909677147865295], [-0.2241116464138031, -0.2710435092449188, -0.9361138343811035]]], [[[0.9742050766944885, 0.01064704917371273, -0.22541320323944092], [0.07029426842927933, -0.9635059833526611, 0.2582924962043762], [-0.21443691849708557, -0.2674751281738281, -0.9394007921218872]]], [[[0.9716836810112, 0.01059398241341114, -0.2360478639602661], [0.07236146181821823, -0.9643368721008301, 0.2545935809612274], [-0.22493255138397217, -0.26446518301963806, -0.937796950340271]]], [[[0.9759284257888794, 0.008688867092132568, -0.21791799366474152], [0.06682946532964706, -0.9630520343780518, 0.2608914375305176], [-0.20759953558444977, -0.2691746950149536, -0.9404505491256714]]], [[[0.9720961451530457, 0.014411836862564087, -0.23413971066474915], [0.077275350689888, -0.9620742797851562, 0.261612206697464], [-0.2214895486831665, -0.2724054157733917, -0.9363424777984619]]], [[[0.9733802080154419, 0.011977588757872581, -0.22888317704200745], [0.07345814257860184, -0.9622564315795898, 0.2620428204536438], [-0.2171056866645813, -0.2718806266784668, -0.9375213384628296]]], [[[0.9748489260673523, 0.015074620023369789, -0.22235623002052307], [0.07506564259529114, -0.9616221189498901, 0.26390784978866577], [-0.2098444402217865, -0.27396160364151, -0.9385679960250854]]], [[[0.9733371138572693, 0.01421513594686985, -0.22893846035003662], [0.07601594179868698, -0.9616672992706299, 0.26347213983535767], [-0.2164173424243927, -0.2738502025604248, -0.9371070861816406]]], [[[0.9704704284667969, 0.013314325362443924, -0.24085231125354767], [0.07903119921684265, -0.9609153270721436, 0.26532235741615295], [-0.22790606319904327, -0.27652236819267273, -0.9335920810699463]]], [[[0.9763177633285522, 0.005694277584552765, -0.21626637876033783], [0.06402818858623505, -0.962475061416626, 0.2637084126472473], [-0.20664937794208527, -0.27131032943725586, -0.9400460720062256]]], [[[0.9713974595069885, 0.015013743191957474, -0.2369842827320099], [0.07842737436294556, -0.9622805118560791, 0.26050978899002075], [-0.2241341471672058, -0.27164459228515625, -0.93593430519104]]], [[[0.9741637110710144, 0.012179292738437653, -0.2255142629146576], [0.07401509582996368, -0.9606143236160278, 0.26784658432006836], [-0.21337005496025085, -0.277617871761322, -0.9366971254348755]]], [[[0.9763261079788208, 0.008555430918931961, -0.21613453328609467], [0.063126340508461, -0.9669883251190186, 0.24687814712524414], [-0.2068874090909958, -0.25467735528945923, -0.9446359872817993]]], [[[0.9788208603858948, 0.00795208103954792, -0.20456421375274658], [0.059682607650756836, -0.9669231176376343, 0.24798832833766937], [-0.19582578539848328, -0.2549450695514679, -0.9469190835952759]]], [[[0.97779381275177, 0.005234001204371452, -0.2095039188861847], [0.05701623111963272, -0.9686229228973389, 0.24190641939640045], [-0.20166417956352234, -0.2484797090291977, -0.9474120140075684]]], [[[0.9794780611991882, 0.009239254519343376, -0.2013389766216278], [0.060098715126514435, -0.9668941497802734, 0.2479996234178543], [-0.19238215684890747, -0.2550103962421417, -0.9476068019866943]]], [[[0.9806992411613464, 0.017898689955472946, -0.19470128417015076], [0.0693725049495697, -0.962867259979248, 0.26090991497039795], [-0.18280154466629028, -0.2693811058998108, -0.9455248117446899]]], [[[0.9790841937065125, 0.016768088564276695, -0.2027633935213089], [0.06760937720537186, -0.9667776823043823, 0.2465151995420456], [-0.1918935626745224, -0.2550678253173828, -0.9476903676986694]]], [[[0.9789397716522217, 0.015225950628519058, -0.20358072221279144], [0.0678899884223938, -0.9647387266159058, 0.2543027997016907], [-0.19253022968769073, -0.2627682089805603, -0.9454548358917236]]], [[[0.9847031235694885, 0.01708609238266945, -0.17340072989463806], [0.06490033864974976, -0.9595355987548828, 0.27400603890419006], [-0.1617024838924408, -0.281068354845047, -0.9459667205810547]]], [[[0.9828416109085083, 0.024025432765483856, -0.18288026750087738], [0.07556827366352081, -0.9569005966186523, 0.2804112732410431], [-0.16826124489307404, -0.2894198000431061, -0.9422972202301025]]], [[[0.9806929230690002, 0.014214985072612762, -0.19503666460514069], [0.06945859640836716, -0.9576423168182373, 0.2794587016105652], [-0.18280281126499176, -0.28761017322540283, -0.9401404857635498]]], [[[0.9828696846961975, 0.010535361245274544, -0.1840004175901413], [0.061565421521663666, -0.9597835540771484, 0.2739076316356659], [-0.17371483147144318, -0.28054359555244446, -0.9439908266067505]]], [[[0.981358528137207, 0.0001606140285730362, -0.19218572974205017], [0.04904773086309433, -0.9670941829681396, 0.24964433908462524], [-0.18582168221473694, -0.25441688299179077, -0.9490741491317749]]], [[[0.9806641340255737, 0.0015405472368001938, -0.19569222629070282], [0.04543423652648926, -0.9744386672973633, 0.2200116068124771], [-0.19035111367702484, -0.2246486097574234, -0.9556671380996704]]], [[[0.9778679609298706, 0.005830617621541023, -0.20914168655872345], [0.05424226075410843, -0.9724986553192139, 0.2265043407678604], [-0.20206932723522186, -0.23283566534519196, -0.951291561126709]]], [[[0.9776082038879395, 0.0008058696985244751, -0.21043169498443604], [0.053623076528310776, -0.9679346084594727, 0.24541136622428894], [-0.2034863829612732, -0.2512001693248749, -0.9463040828704834]]], [[[0.9780402779579163, 0.0015481412410736084, -0.20841018855571747], [0.049164239317178726, -0.9734654426574707, 0.22348974645137787], [-0.20253415405750275, -0.2288282960653305, -0.9521645307540894]]], [[[0.9741653800010681, 0.006867201998829842, -0.22573146224021912], [0.0654524564743042, -0.9652231931686401, 0.25310227274894714], [-0.21614307165145874, -0.26133814454078674, -0.9407365322113037]]], [[[0.9777951240539551, 0.004689425230026245, -0.20951060950756073], [0.057367756962776184, -0.9675498008728027, 0.2460813820362091], [-0.20155800879001617, -0.2526363432407379, -0.9463346004486084]]], [[[0.9739263653755188, 0.0051911938935518265, -0.22680488228797913], [0.06336057186126709, -0.9661799669265747, 0.24996331334114075], [-0.21783673763275146, -0.257816344499588, -0.941317081451416]]], [[[0.975080132484436, 0.007079187780618668, -0.2217399626970291], [0.0639449805021286, -0.9660412073135376, 0.2503504157066345], [-0.2124376744031906, -0.2582908868789673, -0.942420244216919]]], [[[0.9761753082275391, 0.008859971538186073, -0.21680238842964172], [0.06400933116674423, -0.966460108757019, 0.24871274828910828], [-0.2073272466659546, -0.25666460394859314, -0.9440015554428101]]], [[[0.9753026366233826, 0.010577015578746796, -0.22061927616596222], [0.067310631275177, -0.9655731916427612, 0.2512715458869934], [-0.2103663831949234, -0.259915828704834, -0.942438006401062]]], [[[0.9829092025756836, 0.011542093008756638, -0.18372869491577148], [0.057402994483709335, -0.9674886465072632, 0.24631480872631073], [-0.17491239309310913, -0.2526516616344452, -0.9516160488128662]]], [[[0.9810482263565063, 0.013554241508245468, -0.19328902661800385], [0.061833154410123825, -0.9672937393188477, 0.2460065484046936], [-0.18363286554813385, -0.2532959580421448, -0.9497998952865601]]], [[[0.9809153079986572, 0.02032134309411049, -0.19337056577205658], [0.06482821702957153, -0.9717978239059448, 0.22672921419143677], [-0.1833096593618393, -0.23493802547454834, -0.9545687437057495]]], [[[0.9817161560058594, 0.014846233651041985, -0.18977099657058716], [0.05876818299293518, -0.9718893766403198, 0.22798410058021545], [-0.18105176091194153, -0.2349681556224823, -0.9549919366836548]]], [[[0.9782428741455078, 0.011471977457404137, -0.2071455866098404], [0.06095295399427414, -0.9702965021133423, 0.2341134399175644], [-0.19830693304538727, -0.241645947098732, -0.9498848915100098]]], [[[0.9823373556137085, 0.013941654935479164, -0.1865985244512558], [0.059597089886665344, -0.9686000347137451, 0.2413768619298935], [-0.17737407982349396, -0.24823422729969025, -0.9523228406906128]]], [[[0.9810711145401001, 0.015254409983754158, -0.19304606318473816], [0.06839588284492493, -0.9599376916885376, 0.2717379033565521], [-0.18116700649261475, -0.27979776263237, -0.9428104162216187]]], [[[0.9765506982803345, 0.014941401779651642, -0.21476860344409943], [0.07448885589838028, -0.9594235420227051, 0.271953284740448], [-0.20199061930179596, -0.281574010848999, -0.93803870677948]]], [[[0.9780309796333313, 0.017467524856328964, -0.20772655308246613], [0.07028229534626007, -0.9657701253890991, 0.2496967911720276], [-0.19625450670719147, -0.25881069898605347, -0.9457807540893555]]], [[[0.976599931716919, 0.01606959104537964, -0.21446293592453003], [0.07220855355262756, -0.9638172388076782, 0.2565978169441223], [-0.20257961750030518, -0.26607948541641235, -0.9424241781234741]]], [[[0.975258469581604, 0.01702551357448101, -0.22041097283363342], [0.0709214061498642, -0.9684256315231323, 0.23900249600410461], [-0.20938247442245483, -0.24872106313705444, -0.945672869682312]]], [[[0.9733452796936035, 0.01510017178952694, -0.2288469821214676], [0.07412566989660263, -0.9649879932403564, 0.2516021430492401], [-0.21703533828258514, -0.2618592083454132, -0.9403858184814453]]], [[[0.9746699929237366, 0.013034062460064888, -0.22326791286468506], [0.07003390043973923, -0.9658792018890381, 0.24934442341327667], [-0.21239987015724182, -0.2586648464202881, -0.9423263072967529]]], [[[0.9743245244026184, 0.0067329853773117065, -0.22504763305187225], [0.061439625918865204, -0.9695674180984497, 0.2369900345802307], [-0.21660320460796356, -0.2447320520877838, -0.9450869560241699]]], [[[0.9748761653900146, 0.0026887841522693634, -0.22273144125938416], [0.05803896114230156, -0.9684540033340454, 0.24234047532081604], [-0.2150534987449646, -0.24917903542518616, -0.9442787170410156]]], [[[0.9737319350242615, 0.004939476028084755, -0.22764381766319275], [0.06014740467071533, -0.9698331356048584, 0.23623299598693848], [-0.21960964798927307, -0.24371978640556335, -0.9446544647216797]]], [[[0.9708663821220398, 0.014191875234246254, -0.23920093476772308], [0.0753631666302681, -0.9656727313995361, 0.24858960509300232], [-0.2274618297815323, -0.2593742311000824, -0.9386087656021118]]], [[[0.9720624089241028, 0.01165042258799076, -0.23443320393562317], [0.07049569487571716, -0.9671485424041748, 0.24424241483211517], [-0.2238861620426178, -0.25394541025161743, -0.9409500360488892]]], [[[0.9769327044487, 0.006852008402347565, -0.21343746781349182], [0.062235668301582336, -0.9652328491210938, 0.2538742125034332], [-0.20427733659744263, -0.2613014280796051, -0.9433939456939697]]], [[[0.9772006869316101, 0.009759468957781792, -0.2120932936668396], [0.06531766802072525, -0.9643155336380005, 0.25657230615615845], [-0.2020208239555359, -0.2645760774612427, -0.9429671764373779]]], [[[0.9776487350463867, 0.0089546088129282, -0.2100541889667511], [0.06607802212238312, -0.9615521430969238, 0.2665539085865021], [-0.19959118962287903, -0.2744760811328888, -0.9406518936157227]]], [[[0.9775899648666382, 0.008132172748446465, -0.2103610336780548], [0.06497640162706375, -0.9621213674545288, 0.2647644877433777], [-0.20023977756500244, -0.27249962091445923, -0.9410885572433472]]], [[[0.9781206250190735, 0.009237634018063545, -0.20783336460590363], [0.0641791969537735, -0.9636857509613037, 0.25921157002449036], [-0.19789157807826996, -0.26687875390052795, -0.943193793296814]]], [[[0.9767820835113525, 0.007101427763700485, -0.21411749720573425], [0.06415681540966034, -0.9632778167724609, 0.260728657245636], [-0.2044031322002411, -0.26841217279434204, -0.9413681030273438]]], [[[0.9767730832099915, 0.004715152084827423, -0.21422439813613892], [0.0608815997838974, -0.9646613597869873, 0.2563619315624237], [-0.20544525980949402, -0.2634497582912445, -0.942542314529419]]], [[[0.9769667983055115, 0.0019839201122522354, -0.21338224411010742], [0.056077346205711365, -0.9671978950500488, 0.24775660037994385], [-0.20589134097099304, -0.25401586294174194, -0.9450314044952393]]], [[[0.9769691228866577, 0.00693645142018795, -0.2132679671049118], [0.06074350327253342, -0.9671591520309448, 0.2468062788248062], [-0.20455209910869598, -0.25407674908638, -0.9453060626983643]]], [[[0.9755241274833679, 0.012335393577814102, -0.21954619884490967], [0.06802289187908173, -0.9663807153701782, 0.2479536533355713], [-0.20910662412643433, -0.256818950176239, -0.9435667991638184]]], [[[0.9732353091239929, 0.005170239135622978, -0.22975271940231323], [0.06400521099567413, -0.9662878513336182, 0.24938200414180756], [-0.2207178771495819, -0.25741273164749146, -0.9407564401626587]]], [[[0.9743617177009583, 0.005316464230418205, -0.22492432594299316], [0.06253896653652191, -0.9667226076126099, 0.24806584417819977], [-0.21612054109573364, -0.2557724118232727, -0.9422699213027954]]], [[[0.9731584787368774, 0.003084493800997734, -0.23011520504951477], [0.06206631660461426, -0.9663769006729126, 0.24952532351016998], [-0.22160843014717102, -0.2571100890636444, -0.940629243850708]]], [[[0.973741888999939, 0.0064062029123306274, -0.22756478190422058], [0.06462700664997101, -0.9662586450576782, 0.24933549761772156], [-0.2182890772819519, -0.257495254278183, -0.9413003921508789]]], [[[0.9707360863685608, 0.011599062010645866, -0.2398686558008194], [0.0718461275100708, -0.9671125411987305, 0.24399204552173615], [-0.22914983332157135, -0.254085510969162, -0.9396443367004395]]], [[[0.9700893759727478, 0.008521215990185738, -0.242598295211792], [0.07034862786531448, -0.9663654565811157, 0.24736297130584717], [-0.2323308289051056, -0.2570306658744812, -0.9380602836608887]]], [[[0.9707715511322021, 0.01766042783856392, -0.2393547147512436], [0.07948164641857147, -0.9646700620651245, 0.25118374824523926], [-0.2264624387025833, -0.2628663182258606, -0.9378780126571655]]], [[[0.9674543142318726, 0.01764463633298874, -0.2524298131465912], [0.08143693208694458, -0.966204047203064, 0.2445756047964096], [-0.2395833283662796, -0.2571728229522705, -0.9361952543258667]]], [[[0.9686049818992615, 0.020318862050771713, -0.24777309596538544], [0.08439870178699493, -0.9643385410308838, 0.25085341930389404], [-0.23384015262126923, -0.2638896107673645, -0.9357781410217285]]], [[[0.9682157039642334, 0.011067748069763184, -0.24987156689167023], [0.0747869685292244, -0.966126561164856, 0.24699519574642181], [-0.2386738508939743, -0.25783178210258484, -0.9362466335296631]]], [[[0.9708337187767029, 0.012041453272104263, -0.2394513040781021], [0.07193097472190857, -0.9673582315444946, 0.24299149215221405], [-0.2287091165781021, -0.2531282901763916, -0.9400101900100708]]], [[[0.9701513051986694, 0.010164778679609299, -0.24228733777999878], [0.07098941504955292, -0.9672561883926392, 0.24367152154445648], [-0.23187708854675293, -0.25359806418418884, -0.9391063451766968]]], [[[0.9690062403678894, 0.016061877831816673, -0.24651342630386353], [0.07798245549201965, -0.9667485952377319, 0.24354729056358337], [-0.23440474271774292, -0.2552225887775421, -0.9380379915237427]]], [[[0.9685019850730896, 0.01736277900636196, -0.2483997493982315], [0.07972244173288345, -0.9666780233383179, 0.24326567351818085], [-0.23589877784252167, -0.25540632009506226, -0.9376137256622314]]], [[[0.9687196016311646, 0.017067011445760727, -0.2475702464580536], [0.077934131026268, -0.9680815935134888, 0.2382114678621292], [-0.23560258746147156, -0.2500542998313904, -0.9391297101974487]]], [[[0.9697303175926208, 0.018398335203528404, -0.2434842735528946], [0.08011714369058609, -0.9659286737442017, 0.24609622359275818], [-0.23066063225269318, -0.2581542432308197, -0.938164472579956]]], [[[0.9669249057769775, 0.02045682817697525, -0.2542395293712616], [0.08567214012145996, -0.9649156332015991, 0.248188778758049], [-0.240242600440979, -0.2617611587047577, -0.9347535371780396]]], [[[0.9681933522224426, 0.015385352075099945, -0.249729722738266], [0.0789271891117096, -0.9659264087677002, 0.24648915231227875], [-0.2374281883239746, -0.2583596110343933, -0.9364179372787476]]], [[[0.9679884910583496, 0.017988864332437515, -0.25034913420677185], [0.08108428120613098, -0.9663594961166382, 0.24407890439033508], [-0.23753657937049866, -0.2565649449825287, -0.9368834495544434]]], [[[0.9683449268341064, 0.019515495747327805, -0.2488517463207245], [0.08182846009731293, -0.9666675329208374, 0.24260704219341278], [-0.23582229018211365, -0.2552904486656189, -0.9376645088195801]]], [[[0.9683013558387756, 0.01493692398071289, -0.2493377923965454], [0.07685691118240356, -0.967599630355835, 0.2405078411102295], [-0.23766669631004333, -0.25204741954803467, -0.9380760192871094]]], [[[0.9668281674385071, 0.02213234081864357, -0.25446707010269165], [0.08705337345600128, -0.9651463031768799, 0.24680878221988678], [-0.24013547599315643, -0.2607738971710205, -0.9350571632385254]]], [[[0.9684666991233826, 0.023256070911884308, -0.24805516004562378], [0.08431623876094818, -0.96747887134552, 0.2384861409664154], [-0.2344418466091156, -0.2518809735774994, -0.938931941986084]]], [[[0.9691246151924133, 0.02014666423201561, -0.24574701488018036], [0.0827820748090744, -0.9653924703598022, 0.24731412529945374], [-0.23225979506969452, -0.2600216567516327, -0.9372533559799194]]], [[[0.9717212915420532, 0.011759238317608833, -0.23583775758743286], [0.07085073739290237, -0.9672598838806152, 0.2436968833208084], [-0.2252507507801056, -0.25351473689079285, -0.9407402276992798]]], [[[0.9711012244224548, 0.01036776602268219, -0.2384425699710846], [0.07105612754821777, -0.9663112163543701, 0.24737274646759033], [-0.22784507274627686, -0.2571668028831482, -0.9391226768493652]]], [[[0.9671446681022644, 0.02294262871146202, -0.2531892657279968], [0.08625374734401703, -0.9664597511291504, 0.24190104007720947], [-0.23914735019207, -0.2557918131351471, -0.9366852045059204]]], [[[0.9686809778213501, 0.022642016410827637, -0.24727419018745422], [0.0856763944029808, -0.965154767036438, 0.24725604057312012], [-0.23305952548980713, -0.26069778203964233, -0.9368669986724854]]], [[[0.9680483937263489, 0.022481579333543777, -0.2497536838054657], [0.08565358817577362, -0.9657156467437744, 0.24506549537181854], [-0.23568153381347656, -0.2586275637149811, -0.9367849826812744]]], [[[0.9661118984222412, 0.02411063015460968, -0.2569950819015503], [0.08831549435853958, -0.9664148092269897, 0.24133440852165222], [-0.2425452023744583, -0.25585269927978516, -0.9357941150665283]]], [[[0.9688171744346619, 0.02340969443321228, -0.24666842818260193], [0.08610591292381287, -0.9652893543243408, 0.24658101797103882], [-0.23233401775360107, -0.2601315379142761, -0.9372044801712036]]], [[[0.9666152596473694, 0.01985575631260872, -0.25546178221702576], [0.08360514044761658, -0.9668687582015991, 0.241194948554039], [-0.24220891296863556, -0.2545006275177002, -0.9362500905990601]]], [[[0.9688194990158081, 0.02184910699725151, -0.246802419424057], [0.08609186112880707, -0.96372389793396, 0.25263512134552], [-0.23232951760292053, -0.2660055160522461, -0.9355553388595581]]], [[[0.9680899381637573, 0.02064792439341545, -0.2497510462999344], [0.08457262814044952, -0.9650518894195557, 0.2480374276638031], [-0.23590122163295746, -0.26124462485313416, -0.9360032081604004]]], [[[0.9687992930412292, 0.021802661940455437, -0.24688580632209778], [0.08386524766683578, -0.966200590133667, 0.24376793205738068], [-0.2332264482975006, -0.25686734914779663, -0.9378827810287476]]], [[[0.9711253046989441, 0.01920255459845066, -0.2377958744764328], [0.07950082421302795, -0.9658308029174805, 0.2466772496700287], [-0.22493384778499603, -0.2584594786167145, -0.9394694566726685]]], [[[0.9707186818122864, 0.018457816913723946, -0.23950891196727753], [0.08029283583164215, -0.9646292924880981, 0.25108373165130615], [-0.2264028936624527, -0.2629625201225281, -0.9378657341003418]]], [[[0.9709575772285461, 0.02086506597697735, -0.23834016919136047], [0.08210275322198868, -0.9647547006607056, 0.250014990568161], [-0.224723219871521, -0.262322336435318, -0.9384489059448242]]], [[[0.971289873123169, 0.013169469311833382, -0.23753425478935242], [0.07336384803056717, -0.966385006904602, 0.24640989303588867], [-0.22630444169044495, -0.2567618489265442, -0.9396061897277832]]], [[[0.9679436683654785, 0.02106432244181633, -0.25028252601623535], [0.08455304801464081, -0.9656436443328857, 0.2457301765680313], [-0.2365075647830963, -0.25901511311531067, -0.9364696741104126]]], [[[0.971240222454071, 0.013045553117990494, -0.23774412274360657], [0.06926192343235016, -0.9707982540130615, 0.22968120872974396], [-0.2278052568435669, -0.23954223096370697, -0.9437817335128784]]]], "body_pose": [[[[0.9991758465766907, -0.010840088129043579, -0.039116423577070236], [0.007126943673938513, 0.9955612421035767, -0.09384595602750778], [0.039960090070962906, 0.09348983317613602, 0.9948180317878723]], [[0.9976622462272644, -0.05630841851234436, -0.03872252628207207], [0.05410841107368469, 0.9969808459281921, -0.055691201239824295], [0.04174148663878441, 0.05346580222249031, 0.9976968765258789]], [[0.9998435974121094, 0.010593816637992859, -0.014162717387080193], [-0.012873563915491104, 0.9850054979324341, -0.1720421314239502], [0.012127771973609924, 0.17219755053520203, 0.9849877953529358]], [[0.9826139211654663, -0.008611118420958519, 0.1854608654975891], [0.012698853388428688, 0.9997016787528992, -0.020864393562078476], [-0.18522587418556213, 0.022856783121824265, 0.9824301600456238]], [[0.984683632850647, 0.014961257576942444, -0.173707515001297], [-0.013301920145750046, 0.9998541474342346, 0.010712782852351665], [0.17384245991706848, -0.008238057605922222, 0.9847390055656433]], [[0.9995484352111816, 0.0287554319947958, 0.00871901772916317], [-0.02954503707587719, 0.9934058785438538, 0.11077817529439926], [-0.005476036574691534, -0.11098576337099075, 0.9938068985939026]], [[0.9847294092178345, 0.13562878966331482, -0.10914552956819534], [-0.1253679394721985, 0.9874580502510071, 0.09596575051546097], [0.12079236656427383, -0.08081693202257156, 0.9893825054168701]], [[0.9896316528320312, -0.012482075951993465, 0.14308519661426544], [0.012330028228461742, 0.9999220967292786, 0.0019493086729198694], [-0.1430983692407608, -0.00016485637752339244, 0.9897084832191467]], [[0.9998107552528381, 0.017132945358753204, 0.009216802194714546], [-0.01722831279039383, 0.9997978210449219, 0.01036951132118702], [-0.009037282317876816, -0.01052633486688137, 0.9999037384986877]], [[0.9935615658760071, -0.10256022214889526, -0.048133064061403275], [0.10033638775348663, 0.9938640594482422, -0.0465489961206913], [0.05261180177330971, 0.04141979292035103, 0.9977557063102722]], [[0.9906122088432312, -0.12781451642513275, -0.0484854057431221], [0.13083525002002716, 0.9892508387565613, 0.06530573964118958], [0.03961719572544098, -0.07103627920150757, 0.9966866970062256]], [[0.9920558333396912, -0.09938757121562958, 0.07711949944496155], [0.10753485560417175, 0.9881093502044678, -0.10989183932542801], [-0.06528063118457794, 0.11731185764074326, 0.9909472465515137]], [[0.9764809608459473, 0.2155853807926178, -0.0028135105967521667], [-0.21232888102531433, 0.959301233291626, -0.18616558611392975], [-0.03743554651737213, 0.18238453567028046, 0.9825143814086914]], [[0.9739973545074463, -0.22071875631809235, 0.05111238360404968], [0.2258995622396469, 0.963330864906311, -0.14478632807731628], [-0.017281105741858482, 0.15256774425506592, 0.9881418943405151]], [[0.9992100596427917, 0.01605001464486122, 0.03635408356785774], [-0.012656020000576973, 0.9957028031349182, -0.0917372852563858], [-0.03767024353146553, 0.09120471775531769, 0.9951193928718567]], [[0.4974021911621094, 0.7876418828964233, -0.363608717918396], [-0.8488603830337524, 0.5283532738685608, -0.016698792576789856], [0.17896121740341187, 0.316959023475647, 0.9314020872116089]], [[0.4763476848602295, -0.7763449549674988, 0.4127727150917053], [0.8704822659492493, 0.48255455493927, -0.09696240723133087], [-0.12390907108783722, 0.4054991602897644, 0.9056583046913147]], [[0.7381948232650757, -0.129458487033844, -0.6620490550994873], [0.21951287984848022, 0.974098265171051, 0.05428299307823181], [0.6378734111785889, -0.18539971113204956, 0.7474921345710754]], [[0.9075251817703247, 0.027236204594373703, 0.41911351680755615], [-0.039904143661260605, 0.9989724159240723, 0.021487725898623466], [-0.4180976152420044, -0.03622502088546753, 0.9076794981956482]], [[0.7395669221878052, 0.362419068813324, 0.5671800374984741], [-0.23382167518138885, 0.928516149520874, -0.2884184718132019], [-0.6311641931533813, 0.08068576455116272, 0.7714412212371826]], [[0.975012481212616, -0.21697677671909332, 0.04766217619180679], [0.21674831211566925, 0.9761765599250793, 0.009973165579140186], [-0.04869064688682556, 0.0006067389622330666, 0.9988137483596802]]], [[[0.9997295141220093, -0.010296820662915707, -0.020854046568274498], [0.00839297752827406, 0.9959597587585449, -0.08940748125314713], [0.021690404042601585, 0.08920826762914658, 0.9957767724990845]], [[0.9985508918762207, -0.05296415090560913, -0.00953733455389738], [0.05249372869729996, 0.9976422786712646, -0.04420781135559082], [0.0118562588468194, 0.043643102049827576, 0.9989768266677856]], [[0.9997730255126953, 0.01586141437292099, -0.014224390499293804], [-0.018102649599313736, 0.9844756722450256, -0.17458508908748627], [0.011234401725232601, 0.1748029738664627, 0.9845393300056458]], [[0.9826194047927856, -0.006988758686929941, 0.1854998618364334], [0.01566796749830246, 0.9988476634025574, -0.04536359757184982], [-0.18496908247470856, 0.047481559216976166, 0.9815966486930847]], [[0.9898998737335205, 0.004888596944510937, -0.1416839063167572], [-0.009923925623297691, 0.9993431568145752, -0.03485433757305145], [0.14142045378684998, 0.03590836375951767, 0.9892981648445129]], [[0.9999351501464844, 0.009247183799743652, 0.006647755857557058], [-0.0